0.0 0.0 0.0 0.0 
0.0 0.0 0.0 0.0 
0.0 0.0 0.0 0.0 
153.69040501414662 126.30727398531614 125.80673119372392 194.2491657894233 
115.93108118925905 112.25835098993406 119.76893649047204 112.25835098993406 
0.0 0.0 0.0 0.0 
0.0 0.0 0.0 0.0 
116.99917590463798 108.33177353412975 108.11256514743906 112.89518540377703 
127.69987405558894 124.10020474528778 111.71868252720509 123.4346268596025 
0.0 0.0 0.0 0.0 
0.0 0.0 0.0 0.0 
119.53650522392644 117.81446270594594 0.0 123.2719956403297 
0.0 0.0 0.0 0.0 
0.0 0.0 0.0 0.0 
0.0 0.0 0.0 0.0 
0.0 0.0 0.0 0.0 
100.48336316823547 92.78191178760258 90.12960868318618 89.41136597587617 
0.0 5.94 0.0 98.56569235034539 
138.42436115893693 135.33013682945955 159.52739668344867 124.1032536804334 
131.97882917867372 131.7609894193256 131.73966064371052 170.88788554572363 
119.48372799860019 95.07667356816324 95.61857375778833 96.57787327336762 
111.97604203187868 145.1501615971264 107.54534052303501 105.01069793753798 
0.0 137.9339689633722 155.6258053157165 137.66339553482746 
131.11091539627407 129.7542134934527 122.5275547948732 141.80522616079332 
129.91758738253685 110.80430732647648 119.18124483431154 99.77570304216502 
113.64326581628643 139.35503570354345 123.09565979047984 126.67185475098456 
0.0 0.0 0.0 0.0 
134.9333930826048 107.42395167038683 104.4750249748916 106.3745984458213 
1.98 0.0 0.0 0.0 
131.75986884502157 141.75277116819908 88.93665136928672 18.144190824172384 
0.0 0.0 0.0 0.0 
0.0 0.0 0.0 0.0 
193.26795108733748 104.3645160657607 120.70518200915566 105.96711468444923 
0.0 181.98000000000002 0.0 -2.583 
88.9828442495893 88.27216027312586 101.50628100856984 88.2605682978378 
155.4493291026023 139.12502307239185 153.23526180005766 186.2409272905378 
121.18275199593634 111.75809334000299 127.62912524071064 106.35519336006925 
153.97339813472075 173.40548450176738 132.78962150847923 149.25218335310143 
0.0 39.09169156353737 104.82995813571569 90.37107477294866 
129.98705739763034 146.1002179913116 127.31447656282512 145.37815700531544 
0.0 0.0 0.0 0.0 
107.81716340707709 121.37956180855653 92.05323091232596 87.8207739132648 
0.0 0.0 0.0 0.0 
0.0 109.83933208044132 0.0 142.9635466689869 
0.0 0.0 0.0 0.0 
89.38961840141278 107.10722078704852 -0.7973550000000001 -4.757355 
0.0 0.0 0.0 0.0 
0.0 0.0 0.0 0.0 
193.29484966484165 112.51869196284943 137.47364809607143 111.16450546179603 
145.36484421165503 191.98943599464175 167.61560545456052 169.60299655365398 
-7.2 66.03439026542534 1.8 95.38810768049999 
0.0 0.0 0.0 0.0 
55.456790648461464 45.30628828360772 45.3028572094599 49.296760249104395 
159.97921374671736 127.77941503187239 114.19004289476601 153.27116306358516 
-7.2 102.51170808815634 3.339 93.82706951781341 
115.50576789838107 107.4094081558224 104.36656926465571 106.29800181839754 
99.12153390954853 95.6781071280208 94.10107053580282 111.80130145005703 
89.10117609976054 134.44599921094456 113.91980345204212 111.19343450483538 
0.0 96.26558684599037 0.0 0.0 
113.99560742157882 110.13275740728461 111.49308617783072 129.85853149888484 
116.31605223633817 105.07064548563886 0.0 106.64421622360385 
102.68421622360384 115.47006849661926 101.86998902546867 118.48507619345983 
0.0 0.0 0.0 0.0 
104.41228230192425 77.82096464734012 124.04263923275127 124.87933810089399 
147.74098723263907 135.17240741596953 137.1625025267935 134.35466706093905 
156.87116866170447 201.1771662817826 173.2927578798993 163.47176009551316 
-5.4 167.93701073813577 170.08905841512114 159.39640578546263 
173.333205237192 168.26866691738783 158.55986694279017 195.1684972290391 
148.60253433383613 131.9091458877178 142.1799580400103 134.3539378710072 
127.26173782886582 191.48639968431937 118.78012271716884 129.48443475267106 
116.54368422535863 162.64474601886928 194.23487477909327 159.81439204588628 
119.13290233037412 133.54404973523404 144.18769196389076 145.17082594860338 
121.9561611965426 100.0317448150068 97.10525528895441 144.47282880337102 
129.1185921111412 0.0 0.0 0.0 
0.0 119.47616092268485 185.40516403289323 163.50802846696521 
102.11964250168708 109.94383952949741 95.22271749561864 154.6523140918241 
127.73123486503839 99.91907471476352 0.0 100.60520670116931 
0.0 0.0 0.0 0.0 
0.0 0.0 0.0 0.0 
99.35113066974911 103.55043710124517 103.81756431841987 113.38882150034053 
